1000 1000
20510 19791 13571 12033 231 4614 14048 14754 12191 7245 19972 26252 5401 23924 4875 26176 28899 25509 13577 24272 30422 24869 29633 19779 15083 14551 2584 5691 3921 13314 7369 2517 2236 17747 345 24273 7423 32038 29006 26867 4061 4865 32156 3752 8732 10337 22112 16877 14044 10426 15056 109 25383 27321 9586 7913 7113 30412 2189 25565 30050 5860 11998 13665 10937 4986 5259 24141 23891 16848 19549 11936 17477 18297 17705 31523 15686 14107 911 16457 29704 27252 9191 27738 5065 15771 14457 5328 14117 3976 22508 6914 2606 11223 28674 1023 21182 457 12418 1981 21260 19596 8821 7027 14974 4284 16276 31555 6334 4905 7682 30492 1808 11483 1079 1759 31715 8275 31036 27072 31909 21524 9502 21744 8668 5730 5533 30073 8563 20042 15140 18793 21329 15842 12798 5170 25649 14802 11206 29265 10925 31251 3359 20526 21147 26615 5030 18499 21149 3434 6181 11393 24564 2423 16650 16111 21653 11790 14615 23957 15231 11012 15962 9624 30539 27227 7520 20902 14085 452 27814 22420 11578 23906 7248 2374 15698 2001 11805 15568 4896 13159 10651 16346 22712 26809 8343 6729 32385 32353 22488 25628 18827 15871 26637 12947 7202 23166 27395 24727 11427 7065 2331 13910 7822 25245 31484 13358 12765 27760 21381 1228 31892 29906 9733 23189 25242 7907 23727 15428 16327 18149 21320 1237 30782 8516 2595 6819 25341 19155 1359 8653 17074 11865 11279 11741 16592 25420 15498 13996 7907 27100 10180 21632 4641 26676 27085 1912 32065 19708 12857 3626 31888 31522 28879 3978 30785 25306 6790 7182 12548 11235 15021 18959 31451 21772 9321 29043 6697 27896 22628 19081 30476 18462 29380 29748 6893 22547 13658 9548 11350 2060 540 3393 23811 17055 22998 10241 32315 1225 13084 2332 12129 8757 15747 25126 23238 7867 25873 18526 29889 16680 10737 32140 12546 17213 8299 16432 8739 17146 11540 26328 30592 22812 20802 19154 19785 30948 7107 17923 17109 32026 4559 18455 19257 1618 9274 18139 27674 3694 1262 3558 24255 21860 28825 12671 18282 2881 16547 10427 30441 23406 22883 21222 27240 15666 18578 27684 32137 11641 10240 13656 695 13780 6277 21317 13751 25792 26939 10484 15487 6955 16106 12629 10828 21300 20420 7208 14575 17459 1875 12830 11367 2041 9903 17468 5301 9561 13556 10881 25068 9191 21491 5576 32392 3327 19752 14576 25600 32265 27373 3385 23967 12284 29164 13809 28047 6177 20186 18257 2103 1562 19555 29858 6599 25378 25952 27043 2576 30358 1872 21295 12954 21429 22790 23323 31472 21668 22943 7006 3903 18100 27575 19572 25887 11240 8413 13060 689 13746 22851 4288 15338 23806 3002 7308 23086 15217 18910 17891 25121 2547 21646 18295 27578 26731 21664 19736 16537 21193 3026 12503 13466 26442 4611 4971 27818 25079 29347 21460 2009 29040 15976 10814 24241 18663 25922 27175 19654 4975 27794 12228 14479 11383 21911 31905 19828 16785 18472 1929 7208 16761 21929 17317 5433 15442 26680 25319 4582 6450 12839 22442 24368 17633 12719 6546 32564 15838 7394 12730 5303 8611 18914 21006 11523 7978 26449 31733 23538 29360 6408 31284 24136 20153 19724 12815 13893 22100 23741 4016 30331 3232 20049 4557 11998 23951 19073 14470 12314 9194 6786 23436 6441 20630 16951 11144 25380 5909 2725 25275 24409 17231 4263 26849 23455 7315 11235 28252 24806 31193 16892 17038 16402 27466 23050 27015 24842 7426 1095 13536 2059 22292 27146 25574 1347 16078 6650 3836 667 15679 25723 25146 25556 12023 23661 27482 27861 16654 20502 32469 8771 8040 20060 30793 6227 22582 3128 23070 9180 6336 15975 4201 8625 10083 15203 23312 18477 16085 31121 9008 14095 11953 15804 16315 14728 25903 3522 28006 28307 17970 15245 32194 19333 29577 7237 424 11493 27246 16324 29403 27005 6739 15435 8425 7089 22751 25203 25938 5392 22323 28006 25324 12329 31857 846 21638 29856 18815 6670 11980 16769 10760 5169 6507 29139 22212 10783 885 12145 11514 29591 22278 26645 8003 9561 4136 6326 9104 22307 15092 25364 17006 26079 7418 8593 11145 17947 3555 27970 29551 23225 17237 19014 24215 9192 5143 28246 23970 23123 30326 21918 7904 19096 15847 6603 22806 1275 23533 16230 13183 13660 10301 28000 28432 14182 29729 17134 13568 15114 27930 16279 11912 3371 4809 29066 18920 22683 17423 24118 20650 29511 10100 22805 13098 2990 29381 15560 11606 19096 22017 14953 10419 15620 3447 13085 32673 6754 24360 20456 1503 15106 1906 19398 31313 21197 22768 9207 17921 17459 5020 8858 11365 8036 14134 30589 20704 8643 21738 21300 13706 18839 9261 14440 5940 20996 24296 30578 19111 11067 10456 2088 32557 17133 1588 13815 2643 12549 9617 21043 8428 7318 260 24746 8537 27922 6790 29311 21256 7102 22428 9014 16187 14690 16439 27659 1803 31813 9432 16776 23212 27224 28665 12118 30194 29618 9897 26196 17940 4412 23670 28902 7345 15278 7823 400 5136 20154 6698 4035 2220 11398 548 14070 19440 13664 30695 3065 29759 26542 31633 23686 28215 15395 10067 3354 13111 4665 14870 2306 18718 16603 13669 30905 28502 8033 4743 12913 7442 6850 21227 6384 13523 11013 28618 23709 4401 15609 27911 21211 20184 25638 4954 22421 30673 26883 5549 27930 29699 1898 9670 3628 25337 29000 15399 26195 17125 27033 5938 25720 2277 2964 13713 23470 3718 4642 20437 9811 30855 13205 5469 32600 31455 26007 12410 1501 7680 7520 21968 7937 26974 24621 25344 10744 5931 14317 20612 14942 13669 24637 31450 19658 22547 16278 1764 10663 16588 197 25999 27199 8056 24732 15027 21529 20571 1000 11066 32389 15183 27043 22149 30325 14416 19818 32523 21646 7486 3633 9795 31103 22751 27957 8133 25746 16164 14642 24492 22656 27309 14806 2110 17034 22414 28534 31439 6085 6996 31489 28642 7350 24131 16946 23186 19230 31202 9225 6960 18967 24762 20859 17710 11360 13146 7785 31803 26870 9886 24271 11440 16868 7985 9278 9003 3419 9809 28556 18297 5381 7122 10954 32442 32663 18790 32630 30911 30886 15131 23794 27831 2747 293 17205 2315 24489 16094 9665 6790 23326 11019 31444 11961
2 273 725
1 171 396
2 367 602
1 72 306
2 285 286
1 431 587
2 141 143
1 23 148
2 242 245
1 389 480
2 201 201
1 246 356
2 218 713
1 321 701
2 51 460
1 275 649
2 103 506
1 226 439
2 226 424
1 459 542
2 456 838
1 136 236
2 111 232
1 190 358
2 313 787
1 395 784
2 382 658
1 158 455
2 101 510
1 425 603
2 425 644
1 243 712
2 115 376
1 399 655
2 55 104
1 390 568
2 275 716
1 465 900
2 202 585
1 489 838
2 364 565
1 374 564
2 285 646
1 413 760
2 453 582
1 401 809
2 395 814
1 392 697
2 357 736
1 131 427
2 286 435
1 439 799
2 485 497
1 298 780
2 486 713
1 149 591
2 190 654
1 107 451
2 315 353
1 351 550
2 340 679
1 353 535
2 122 147
1 330 507
2 364 364
1 40 134
2 493 698
1 444 881
2 283 681
1 267 376
2 174 419
1 195 691
2 105 378
1 55 147
2 480 883
1 144 442
2 122 272
1 333 797
2 137 234
1 69 187
2 233 333
1 500 566
2 421 854
1 143 400
2 156 444
1 380 755
2 386 388
1 54 348
2 217 715
1 464 954
2 463 827
1 260 352
2 185 555
1 414 483
2 381 425
1 113 277
2 315 327
1 25 237
2 193 359
1 306 405
2 385 725
1 434 824
2 383 792
1 413 771
2 123 398
1 460 478
2 356 694
1 71 336
2 166 633
1 78 548
2 434 447
1 371 458
2 487 822
1 153 609
2 335 578
1 68 316
2 6 375
1 403 855
2 65 255
1 98 308
2 211 305
1 418 889
2 124 248
1 477 678
2 500 874
1 26 250
2 283 284
1 81 476
2 380 673
1 135 136
2 283 331
1 129 426
2 78 197
1 445 855
2 7 121
1 228 339
2 160 573
1 197 499
2 139 633
1 247 607
2 140 554
1 175 180
2 324 638
1 280 611
2 187 226
1 367 379
2 346 427
1 324 555
2 417 448
1 234 234
2 158 650
1 59 116
2 407 790
1 71 386
2 448 517
1 211 308
2 301 408
1 155 300
2 59 97
1 141 554
2 356 544
1 264 733
2 7 358
1 19 368
2 168 372
1 128 242
2 106 286
1 143 423
2 143 424
1 63 497
2 204 252
1 70 183
2 253 423
1 48 342
2 429 498
1 130 485
2 358 606
1 460 664
2 392 801
1 177 591
2 195 397
1 197 656
2 382 764
1 132 147
2 353 735
1 109 544
2 235 607
1 89 93
2 220 430
1 417 671
2 21 402
1 317 731
2 422 845
1 498 702
2 262 650
1 130 555
2 385 831
1 195 327
2 354 433
1 10 282
2 44 130
1 397 878
2 8 335
1 94 268
2 23 322
1 274 421
2 288 516
1 100 146
2 335 717
1 174 485
2 291 522
1 274 697
2 455 577
1 393 743
2 103 397
1 93 314
2 249 738
1 99 189
2 399 646
1 51 278
2 238 407
1 78 361
2 133 307
1 481 691
2 374 522
1 464 947
2 291 449
1 70 182
2 341 654
1 243 690
2 45 177
1 65 176
2 24 408
1 263 427
2 157 432
1 219 525
2 196 677
1 275 297
2 58 151
1 290 430
2 106 584
1 97 398
2 250 719
1 344 580
2 270 526
1 145 488
2 307 546
1 138 528
2 448 938
1 225 417
2 206 306
1 458 714
2 486 844
1 488 870
2 475 614
1 193 459
2 124 447
1 479 908
2 259 268
1 489 532
2 494 883
1 483 635
2 122 431
1 429 670
2 358 510
1 270 356
2 377 598
1 227 652
2 23 72
1 361 859
2 241 320
1 417 710
2 275 766
1 3 190
2 86 519
1 265 745
2 290 633
1 89 353
2 398 512
1 312 434
2 381 862
1 92 129
2 107 557
1 52 449
2 212 245
1 414 735
2 280 434
1 58 183
2 468 526
1 473 487
2 140 581
1 497 534
2 190 333
1 11 239
2 146 615
1 68 255
2 170 383
1 176 375
2 275 383
1 288 316
2 481 663
1 455 951
2 495 982
1 44 285
2 99 556
1 446 881
2 237 515
1 71 471
2 17 60
1 245 493
2 322 788
1 42 175
2 132 412
1 151 421
2 366 763
1 391 532
2 49 381
1 473 956
2 127 337
1 367 618
2 355 438
1 192 323
2 332 599
1 245 275
2 388 582
1 39 347
2 23 68
1 140 496
2 236 511
1 127 466
2 307 571
1 417 447
2 124 568
1 134 264
2 91 126
1 119 224
2 413 441
1 433 797
2 22 298
1 337 691
2 138 307
1 286 370
2 485 907
1 372 395
2 402 887
1 434 584
2 399 897
1 486 779
2 243 720
1 395 531
2 212 395
1 492 948
2 44 321
1 103 121
2 78 564
1 305 379
2 432 674
1 128 231
2 83 209
1 345 385
2 181 575
1 114 376
2 350 483
1 283 478
2 394 677
1 89 411
2 186 675
1 10 434
2 205 482
1 320 455
2 145 265
1 364 452
2 422 766
1 194 673
2 102 367
1 230 507
2 41 187
1 429 786
2 7 91
1 394 469
2 160 535
1 298 695
2 116 414
1 226 395
2 215 351
1 219 288
2 274 488
1 134 203
2 51 190
1 293 771
2 465 650
1 69 448
2 280 594
1 318 319
2 359 402
1 436 607
2 346 842
1 92 511
2 282 582
1 130 448
2 347 470
1 347 412
2 426 775
1 262 455
2 20 400
1 411 863
2 41 429
1 429 655
2 215 613
1 437 588
2 337 548
1 125 186
2 48 330
1 449 749
2 69 266
1 207 443
2 433 669
1 470 725
2 433 580
1 34 138
2 320 406
1 326 469
2 265 342
1 14 448
2 425 517
1 194 273
2 210 381
1 278 501
2 153 183
1 103 213
2 305 574
1 346 370
2 60 162
1 335 690
2 34 385
1 297 479
2 467 636
1 457 635
2 54 127
1 128 250
2 8 494
1 176 621
2 421 668
1 5 212
2 305 340
1 464 695
2 153 259
1 461 780
2 109 183
1 138 339
2 413 583
1 463 541
2 235 705
1 475 707
2 160 631
1 335 447
2 124 291
1 421 717
2 91 435
1 324 589
2 405 622
1 162 635
2 258 336
1 338 534
2 215 617
1 291 575
2 92 526
1 80 261
2 418 673
1 234 676
2 10 225
1 371 401
2 154 234
1 216 482
2 212 657
1 10 129
2 145 570
1 76 534
2 332 733
1 360 858
2 39 68
1 154 335
2 496 742
1 225 304
2 104 327
1 69 293
2 173 662
1 500 705
2 270 669
1 494 635
2 147 421
1 242 269
2 8 210
1 230 428
2 30 327
1 206 278
2 264 324
1 303 623
2 232 254
1 108 240
2 406 437
1 264 682
2 392 486
1 355 556
2 435 630
1 473 499
2 204 644
1 498 985
2 467 523
1 168 263
2 416 488
1 426 893
2 135 196
1 299 584
2 42 533
1 6 246
2 192 657
1 51 266
2 16 353
1 362 715
2 137 366
1 54 234
2 65 87
1 85 546
2 53 404
1 346 478
2 427 500
1 399 670
2 115 377
1 112 356
2 78 234
1 27 225
2 85 357
1 182 343
2 68 174
1 354 821
2 354 549
1 317 802
2 83 567
1 179 329
2 19 203
1 472 652
2 139 368
1 337 645
2 461 512
1 235 255
2 329 431
1 380 760
2 37 434
1 53 507
2 213 547
1 192 309
2 352 832
1 363 534
2 221 519
1 252 545
2 213 523
1 434 898
2 71 314
1 248 582
2 221 268
1 73 96
2 31 254
1 335 691
2 490 664
1 44 387
2 23 55
1 66 378
2 191 323
1 434 758
2 381 862
1 144 208
2 434 616
1 372 468
2 80 211
1 312 492
2 430 924
1 280 559
2 487 948
1 34 469
2 405 774
1 251 519
2 209 429
1 306 442
2 188 548
1 296 710
2 339 735
1 27 200
2 42 453
1 71 343
2 233 722
1 469 581
2 185 517
1 426 863
2 446 746
1 179 643
2 273 751
1 487 971
2 391 658
1 34 370
2 182 553
1 123 156
2 280 464
1 137 206
2 190 495
1 101 444
2 471 625
1 27 459
2 337 802
1 329 361
2 259 293
1 40 497
2 104 224
1 10 415
2 62 378
1 476 946
2 38 499
1 113 508
2 260 556
1 310 710
2 250 350
1 179 193
2 338 683
1 126 502
2 495 685
1 491 677
2 491 764
1 20 20
2 202 313
1 29 322
2 158 249
1 187 211
2 144 339
1 104 166
2 46 274
1 482 836
2 153 346
1 42 116
2 357 380
1 6 496
2 95 326
1 431 836
2 41 209
1 87 201
2 128 591
1 273 770
2 450 543
1 54 313
2 411 903
1 458 910
2 475 763
1 154 508
2 124 567
1 336 569
2 388 882
1 204 453
2 291 297
1 44 363
2 254 706
1 272 363
2 198 315
1 344 365
2 423 556
1 67 506
2 276 512
1 214 617
2 94 191
1 156 182
2 107 441
1 195 250
2 468 580
1 122 558
2 266 399
1 248 422
2 346 710
1 245 472
2 55 459
1 136 357
2 433 804
1 45 109
2 198 205
1 360 664
2 56 142
1 189 489
2 373 724
1 197 619
2 273 546
1 498 498
2 258 377
1 406 708
2 172 664
1 433 683
2 296 416
1 452 560
2 207 414
1 104 438
2 162 440
1 368 834
2 456 919
1 18 59
2 414 514
1 408 812
2 386 802
1 398 595
2 264 433
1 330 755
2 33 233
1 436 631
2 112 369
1 79 322
2 417 539
1 32 56
2 408 624
1 426 481
2 263 280
1 238 623
2 51 207
1 71 462
2 32 360
1 492 975
2 303 717
1 316 465
2 64 497
1 114 413
2 148 580
1 255 598
2 108 283
1 109 416
2 3 189
1 170 219
2 84 163
1 44 247
2 324 340
1 182 339
2 75 383
1 242 327
2 152 602
1 340 776
2 114 292
1 232 302
2 375 636
1 431 673
2 464 667
1 20 451
2 199 410
1 184 573
2 169 194
1 198 339
2 332 638
1 417 747
2 54 283
1 250 719
2 378 607
1 130 458
2 134 602
1 348 600
2 22 236
1 7 403
2 112 197
1 243 319
2 113 356
1 36 331
2 475 519
1 59 332
2 432 849
1 168 596
2 381 662
1 411 744
2 74 278
1 95 389
2 485 863
1 355 412
2 341 838
1 135 250
2 285 334
1 359 552
2 313 511
1 10 421
2 32 203
1 86 534
2 39 405
1 275 593
2 377 804
1 489 835
2 88 538
1 89 474
2 434 766
1 477 945
2 339 812
1 147 472
2 355 686
1 48 288
2 462 811
1 71 304
2 312 726
1 305 591
2 290 386
1 330 585
2 2 446
1 312 528
2 327 371
1 221 264
2 159 457
1 75 281
2 85 520
1 323 398
2 136 384
1 55 426
2 409 644
1 433 541
2 426 823
1 71 178
2 112 359
1 337 649
2 123 310
1 39 389
2 187 335
1 280 302
2 437 690
1 35 495
2 134 271
1 427 460
2 319 746
1 222 237
2 366 386
1 458 463
2 127 416
1 108 574
2 226 381
1 284 537
2 17 305
1 201 399
2 357 553
1 36 39
2 494 514
1 115 534
2 67 260
1 172 659
2 230 270
1 459 563
2 495 792
1 60 340
2 75 376
1 204 432
2 108 157
1 143 301
2 99 559
1 351 489
2 281 525
1 443 461
2 426 893
1 133 183
2 291 774
1 252 329
2 374 410
1 41 311
2 291 680
1 33 442
2 337 527
1 211 365
2 257 609
1 299 757
2 158 615
1 218 309
2 194 504
1 435 654
2 4 279
1 279 295
2 399 873
1 44 374
2 358 836
1 307 723
2 464 940
1 419 603
2 353 411
1 118 464
2 466 650
1 386 396
2 158 471
1 22 467
2 357 397
1 166 507
2 373 807
1 36 288
2 347 749
1 409 537
2 235 673
1 199 650
2 55 526
1 480 568
2 473 493
1 207 279
2 282 340
1 489 976
2 238 414
1 387 711
2 18 95
1 3 49
2 353 800
1 256 419
2 42 169
1 153 354
2 196 496
1 488 739
2 91 536
1 155 310
2 218 715
1 363 469
2 10 227
1 141 624
2 374 539
1 2 393
2 252 442
1 457 497
2 99 258
1 354 779
2 220 426
1 34 239
2 74 335
1 242 438
2 357 755
1 135 206
2 219 714
1 71 329
2 13 310
1 356 730
2 219 271
1 117 361
2 355 733
1 366 822
2 247 479
1 116 298
2 106 228
1 58 404
2 72 400
1 201 335
2 232 527
1 26 402
2 277 338
1 109 150
2 144 507
1 332 830
2 101 182
1 353 370
2 220 485
1 173 219
2 38 371
1 353 434
2 180 467
1 415 666
2 71 125
1 97 550
2 49 271
1 183 451
2 339 626
1 126 597
2 83 257
1 248 253
2 451 796
1 163 442
2 155 595
1 74 183
2 352 831
1 49 289
2 17 326
1 8 139
2 127 161
1 334 806
2 431 665
1 410 900
2 255 333
1 371 403
2 461 611
1 500 901
2 146 625
1 293 466
2 99 516
1 249 656
2 244 473
1 180 225
2 146 335
1 456 507
2 399 843
1 76 128
2 295 603
1 459 900
2 17 166
1 119 135
2 7 451
1 163 275
2 398 829
1 165 406
2 445 588
1 326 572
2 411 598
1 359 480
2 155 546
1 329 828
2 188 192
1 355 412